   Size     |   100     |   250    |  500   |  750    |  1000   |   1250   |   2500  |  3750   |  5000  
------------|----------------------------------------------------------------------------------------
Bubble Sort |  6.00     |  40.00   | 165.01 | 370.02  | 685.04   | 1056.06  | 3877.22 | 6876.39 | 10828.62 
------------|----------------------------------------------------------------------------------------
Bucket Sort | 0.00000000| 0.00000000| 0.9999 | 1.999855| 3.000259| 6.000042| 16.000986| 35.001993| 60.003519
------------|----------------------------------------------------------------------------------------
Intro Sort  | 0.000000  |  1.0004   | 3.000  |  4.000  | 7.000  | 7.000  |  18.001 |  24.001  | 35.002
------------|----------------------------------------------------------------------------------------
Quick Sort  |   1.000   |   1.000   |  2.000 |  4.000 |  6.000 |  7.000  | 17.001  | 27.001  | 36.002 
------------|----------------------------------------------------------------------------------------
Tim Sort    | 1.00016594|   1.9999  | 3.000  | 5.000  | 8.001  |  8.000  |  21.001  |  36.002 | 47.003